   348
     1     -1     37 8.146272E-01 2.313868E-02 1.737084E+00
     2     -1      7 1.504264E+00 3.335510E-02 3.010000E-01
     3     -1     45 1.061050E+00 2.438966E-02 3.010000E-01
     4     -1     58 8.243345E-01 2.913925E-02 3.621573E-01
     5     -1     53 7.986153E-01 2.888525E-02 2.724512E+00
     6     -1     35 6.734448E-01 2.792659E-02 1.522637E+00
     7     -1     30 3.485106E-01 2.864614E-02 4.440266E+00
     8     -1     50 1.028403E+00 3.854270E-02 3.010000E-01
     9     -1     41 4.070524E-01 3.023570E-02 4.096128E+00
    10     -1     64 7.569723E-01 2.508788E-02 3.010000E-01
    11     -1      6 4.132917E-01 1.581574E-02 2.538768E+00
    12     -1     19 1.374533E+00 3.540743E-02 3.010000E-01
    13     -1     10 1.416658E+00 2.949619E-02 1.573235E+00
    14     -1     96 5.044528E-01 2.400685E-02 3.010000E-01
    15     -1      3 8.435068E-01 1.437962E-02 3.708891E+00
    16     -1     59 8.199409E-01 1.767358E-02 3.010000E-01
    17     -1     63 4.052156E-01 2.319205E-02 3.420322E+00
    18     -1     46 5.320703E-01 3.104153E-02 3.791608E+00
    19     -1      8 1.031144E+00 1.443858E-02 3.489355E+00
    20     -1     34 1.099335E+00 3.441166E-02 6.573666E-01
    21     -1     32 1.200523E+00 3.017702E-02 3.010000E-01
    22     -1     28 1.245423E+00 2.933789E-02 3.010000E-01
    23     -1     26 9.295335E-01 2.954967E-02 2.127558E+00
    24     -1     36 9.135958E-01 2.164568E-02 3.670851E+00
    25     -1     54 5.009499E-02 1.568443E-02 2.846428E+00
    26     -1     21 1.381360E+00 2.520015E-02 3.993450E-01
    27     -1     93 4.936234E-01 1.720791E-02 3.010000E-01
    28     -1      4 1.261395E+00 2.523980E-02 1.904940E+00
    29     -1     92 5.053460E-01 3.257329E-02 3.010000E-01
    30     -1     87 3.491069E-01 2.399127E-02 1.437009E+00
    31     -1     18 1.335410E+00 2.360138E-02 1.569537E+00
    32     -1     94 5.165344E-01 2.165648E-02 3.010000E-01
    33     -1     60 8.071088E-01 3.096124E-02 3.010000E-01
    34     -1     40 6.364828E-01 2.178013E-02 3.545876E+00
    35     -1     57 8.856628E-01 3.117642E-02 3.010000E-01
    36     -1     88 5.308037E-01 2.875026E-02 3.010000E-01
    37     -1     91 5.365927E-01 3.345719E-02 3.010000E-01
    38     -1     98 3.579374E-01 3.500377E-02 3.010000E-01
    39      7     50 8.407989E-01 3.252646E-02 6.491745E+00
    40     37     41 9.513954E-01 3.845126E-02 4.795976E+00
    41     87     93 3.453631E-01 5.088435E-02 2.687467E+00
    42      4     88 3.187580E-01 8.360073E-02 7.057622E+00
    43     45     58 4.412305E-01 5.509157E-02 6.456949E+00
    44      7     53 6.160625E-01 3.903214E-02 5.321875E+00
    45     19     50 7.869296E-01 4.237231E-02 3.813001E+00
    46     64     96 3.673177E-01 4.809484E-02 2.476732E+00
    47      3     64 4.592750E-01 6.560764E-02 7.242579E+00
    48     46     59 1.860484E-01 8.612401E-02 6.915735E+00
    49     10     32 1.026826E+00 7.727434E-02 4.636432E+00
    50      8     10 4.141904E-01 7.383336E-02 9.397667E+00
    51      8     32 7.438704E-01 5.739493E-02 5.845002E+00
    52     36     59 4.203190E-01 4.369481E-02 5.309712E+00
    53     26     32 1.006050E+00 4.096000E-02 3.965822E+00
    54      3     28 3.325757E-01 4.161469E-02 8.181394E+00
    55      3     34 5.980346E-01 4.900495E-02 8.093621E+00
    56      3     54 7.410231E-01 2.421471E-02 5.688492E+00
    57     28     36 3.576211E-01 4.539019E-02 7.785561E+00
    58      4      8 7.341460E-01 2.975368E-02 6.181551E+00
    59      4     60 6.369669E-01 5.730101E-02 4.718613E+00
    60     35     58 3.660502E-01 3.601832E-02 4.488774E+00
    61     35     64 5.402291E-01 4.059345E-02 4.717176E+00
    62      3     19 6.528335E-01 4.847739E-02 7.083416E+00
    63     63     96 4.187192E-01 4.473506E-02 4.292339E+00
    64     19     46 5.155866E-01 3.435324E-02 5.902465E+00
    65      8     42 3.334348E-01 3.954424E-02 1.013215E+01
    66     21     28 1.016441E+00 4.309946E-02 4.457487E+00
    67     18     21 3.698821E-01 8.495850E-02 7.040258E+00
    68     18     94 4.204646E-01 3.623990E-02 5.480992E+00
    69     21     40 6.732904E-01 4.795109E-02 7.153855E+00
    70      4     94 4.879202E-01 3.983570E-02 5.479576E+00
    71      7     45 3.613177E-01 4.057893E-02 6.276722E+00
    72     30     64 4.698156E-01 4.004865E-02 5.796230E+00
    73     18     36 3.636572E-01 3.571023E-02 9.411223E+00
    74     60     91 3.041527E-01 6.678265E-02 3.403821E+00
    75      6     10 1.231673E+00 4.201325E-02 4.288428E+00
    76      6     59 4.231924E-01 3.784192E-02 6.944675E+00
    77     54     93 3.337844E-01 4.201231E-02 3.829182E+00
    78      4     26 5.032012E-01 3.169736E-02 5.793586E+00
    79      3     96 5.198033E-01 6.683879E-02 5.715543E+00
    80     19     30 7.118690E-01 4.878492E-02 6.450760E+00
    81     10     41 4.245653E-01 3.734299E-02 7.819619E+00
    82      3     30 7.594560E-01 4.630094E-02 8.201262E+00
    83      8     26 6.383128E-01 4.903802E-02 6.392666E+00
    84     26     36 1.004249E+00 3.398635E-02 4.017788E+00
    85      6     53 6.056797E-01 2.937086E-02 7.394237E+00
    86     40     87 4.148120E-01 4.126625E-02 4.369062E+00
    87     16     58 5.779370E-01 3.676076E-02 5.277401E+00
    88     28     46 3.179437E-01 4.635561E-02 6.433548E+00
    89     13     92 4.055550E-01 6.120436E-02 7.185420E+00
    90     48     98 2.472807E-01 5.231660E-02 3.830619E+00
    91     16     45 6.602918E-01 2.074409E-02 6.607372E+00
    92     63     83 4.808560E-01 4.502522E-02 3.920980E+00
    93     34     63 3.811596E-01 3.844203E-02 4.506986E+00
    94     22     57 3.801765E-01 4.847024E-02 6.335935E+00
    95     37     61 7.672454E-01 4.315010E-02 3.785298E+00
    96     53     61 5.786158E-01 4.481578E-02 6.460121E+00
    97      4     12 1.253688E+00 3.011282E-02 4.277585E+00
    98     12     94 3.117048E-01 7.088356E-02 7.293090E+00
    99     44     91 2.853491E-01 7.049456E-02 4.784376E+00
   100     56     59 4.722204E-01 3.383641E-02 6.355713E+00
   101     21     54 4.003555E-01 4.404451E-02 6.238995E+00
   102     13     87 4.042609E-01 4.104109E-02 5.290046E+00
   103     40     48 8.810167E-01 3.541408E-02 3.543196E+00
   104      7     20 8.109949E-01 2.481494E-02 5.769329E+00
   105     44     60 3.590832E-01 3.978880E-02 5.133536E+00
   106     47     88 3.119015E-01 5.259108E-02 5.991074E+00
   107      6     50 5.315530E-01 4.459382E-02 8.502414E+00
   108     35     83 3.671706E-01 4.178541E-02 4.938421E+00
   109     41     42 9.325804E-01 3.522039E-02 5.714670E+00
   110     10     42 4.199546E-01 3.492681E-02 6.554943E+00
   111     22     40 9.904375E-01 4.601741E-02 3.880165E+00
   112     16     30 5.360095E-01 4.433153E-02 7.352955E+00
   113      3     63 6.169906E-01 2.106711E-02 4.112851E+00
   114     23     28 5.540384E-01 2.835818E-02 5.662670E+00
   115     21     24 7.374742E-01 3.302896E-02 9.262301E+00
   116     25     36 4.337572E-01 3.953630E-02 6.858195E+00
   117      9     35 8.177048E-01 3.331976E-02 5.868668E+00
   118     18     25 7.639579E-01 2.687076E-02 6.424048E+00
   119     24     40 6.383469E-01 3.718735E-02 7.601870E+00
   120     12     47 5.574974E-01 2.221652E-02 7.882353E+00
   121      6     61 5.517683E-01 3.281486E-02 5.140891E+00
   122     41     61 8.095572E-01 5.829868E-02 4.513431E+00
   123     63     81 4.903781E-01 3.112728E-02 3.849875E+00
   124     10     29 7.978271E-01 4.500024E-02 4.668705E+00
   125     13     54 6.347001E-01 2.542592E-02 6.530850E+00
   126      3     46 5.324771E-01 3.681985E-02 5.325886E+00
   127     36     56 5.306393E-01 3.341951E-02 5.519517E+00
   128     23     36 4.187695E-01 4.603842E-02 6.847275E+00
   129     12     18 5.325434E-01 3.995592E-02 1.078754E+01
   130     18     27 5.398444E-01 2.457615E-02 8.800195E+00
   131     24     48 9.638428E-01 4.459606E-02 3.950222E+00
   132     21     23 7.154894E-01 4.418604E-02 7.380350E+00
   133     18     24 3.560214E-01 2.266221E-02 7.095646E+00
   134     81     83 4.770217E-01 3.484762E-02 2.229673E+00
   135     13     40 7.189429E-01 5.171473E-02 5.690430E+00
   136      6      7 5.351328E-01 3.510154E-02 1.073957E+01
   137      6     56 4.762160E-01 3.999264E-02 8.598880E+00
   138      9     30 1.000215E+00 3.451265E-02 4.075086E+00
   139     13     34 5.809973E-01 4.952376E-02 9.025681E+00
   140      6     29 7.992643E-01 6.353453E-02 5.691252E+00
   141      8     66 6.168319E-01 3.183564E-02 5.919552E+00
   142     16     20 3.416446E-01 4.029148E-02 8.364789E+00
   143     42     66 4.988571E-01 2.961687E-02 4.051934E+00
   144     50     74 3.431203E-01 4.406999E-02 7.581290E+00
   145     22     48 7.999354E-01 5.759376E-02 5.063867E+00
   146     38     50 3.516160E-01 4.770328E-02 8.113300E+00
   147     23     46 5.535276E-01 5.157583E-02 6.015578E+00
   148      9     16 1.112463E+00 3.950239E-02 3.751088E+00
   149     34     70 6.351747E-01 3.870848E-02 5.635277E+00
   150     46     74 3.405974E-01 4.952485E-02 5.946001E+00
   151     34     67 4.146864E-01 5.547933E-02 6.015311E+00
   152     26     43 8.795979E-01 2.938391E-02 7.433157E+00
   153     21     65 5.977456E-01 4.332202E-02 7.998662E+00
   154     27     47 8.604967E-01 3.961510E-02 7.064401E+00
   155     26     29 6.662036E-01 3.888797E-02 7.566548E+00
   156     12     44 5.636454E-01 2.686354E-02 7.926865E+00
   157     30     38 9.492399E-01 3.089887E-02 4.491139E+00
   158      6     74 4.230953E-01 3.974184E-02 6.649389E+00
   159     56     74 4.267313E-01 4.444397E-02 5.786203E+00
   160     33     37 2.289375E-01 5.260173E-02 8.153049E+00
   161     46     52 7.023396E-01 3.375204E-02 3.243852E+00
   162      3     52 5.983320E-01 4.168009E-02 5.196775E+00
   163     12     43 7.142493E-01 2.753512E-02 5.717282E+00
   164     33     61 3.826586E-01 4.224227E-02 6.137724E+00
   165     33     53 5.572589E-01 4.550573E-02 7.755283E+00
   166     23     56 3.554590E-01 4.985550E-02 7.582738E+00
   167     26     56 5.285177E-01 3.700316E-02 6.907031E+00
   168     13     22 7.097397E-01 3.642176E-02 6.254516E+00
   169     63     67 3.332156E-01 5.100397E-02 5.284765E+00
   170     13     70 6.350927E-01 3.572758E-02 5.871990E+00
   171     23     25 8.183933E-01 4.697594E-02 6.358777E+00
   172     44     47 4.538624E-01 5.962696E-02 5.766875E+00
   173      6     75 6.378200E-01 3.290492E-02 7.325505E+00
   174      3     62 5.771025E-01 4.251717E-02 4.691232E+00
   175     54     80 4.682856E-01 3.375660E-02 4.702142E+00
   176      8     12 8.050666E-01 5.154619E-02 9.788306E+00
   177     14     26 7.816820E-01 2.644905E-02 9.272761E+00
   178     24     25 3.564998E-01 4.857120E-02 9.895221E+00
   179      8     14 5.929471E-01 4.284102E-02 8.561578E+00
   180     54     65 4.748877E-01 4.030736E-02 6.133361E+00
   181     20     38 6.120163E-01 4.077631E-02 5.536985E+00
   182     67     70 6.218995E-01 4.060748E-02 2.593853E+00
   183      5     61 4.078982E-01 3.337602E-02 6.294587E+00
   184     30     62 6.547463E-01 4.645540E-02 4.342537E+00
   185      3     80 3.348724E-01 3.646199E-02 5.089313E+00
   186     23     65 5.935124E-01 3.443890E-02 4.085755E+00
   187     53     85 4.267876E-01 4.513364E-02 5.870970E+00
   188      5      6 3.480262E-01 4.324296E-02 8.662282E+00
   189      9     81 4.298836E-01 2.866721E-02 6.572575E+00
   190     29     42 4.183196E-01 4.136124E-02 5.909418E+00
   191     25     43 9.257766E-01 3.539722E-02 3.213635E+00
   192      5     41 4.124498E-01 4.786749E-02 6.311401E+00
   193      3     77 5.740355E-01 3.457207E-02 5.426132E+00
   194     29     56 3.933310E-01 3.813353E-02 5.267822E+00
   195      2      6 5.870246E-01 5.549686E-02 9.856106E+00
   196     24     31 6.224282E-01 3.142512E-02 7.746631E+00
   197      2     75 5.764215E-01 3.255618E-02 6.115733E+00
   198      2     74 5.868748E-01 1.939000E-02 4.904070E+00
   199     24     27 1.485000E-01 1.482992E-02 8.749333E+00
   200     14     29 6.381275E-01 3.844942E-02 7.099141E+00
   201     62     77 6.128049E-01 3.885751E-02 2.116190E+00
   202     23     52 5.726939E-01 3.428095E-02 6.101809E+00
   203     14     66 5.863780E-01 3.966385E-02 5.567352E+00
   204     20     75 4.299497E-01 3.448964E-02 5.708145E+00
   205     31     65 3.637922E-01 4.740499E-02 7.016332E+00
   206     13     17 1.080583E+00 5.149208E-02 4.493745E+00
   207     13     31 6.908871E-01 5.000557E-02 6.591623E+00
   208     39    101 2.437445E-01 4.644621E-02 6.179593E+00
   209      2     38 3.854798E-01 4.012885E-02 7.882831E+00
   210     72     80 5.338629E-01 3.584015E-02 2.175901E+00
   211     75     85 3.868326E-01 3.981476E-02 2.803853E+00
   212      1     20 9.365258E-01 2.845983E-02 5.104615E+00
   213     16     97 3.047562E-01 7.521536E-02 5.017996E+00
   214      2     52 3.866264E-01 3.673930E-02 9.050514E+00
   215     11     13 1.124691E+00 3.681115E-02 4.141493E+00
   216      3     51 3.350201E-01 4.604256E-02 8.605826E+00
   217     65     72 5.693016E-01 3.390380E-02 2.332678E+00
   218     38     62 6.370247E-01 4.013581E-02 5.316461E+00
   219      5     42 4.334764E-01 4.224081E-02 6.670122E+00
   220     15     23 8.739657E-01 2.873022E-02 7.081012E+00
   221      9     97 3.533397E-01 4.942997E-02 7.176368E+00
   222      1     38 1.033609E+00 2.978207E-02 4.250650E+00
   223     56     69 6.752824E-01 4.293125E-02 3.011797E+00
   224     15     56 6.176829E-01 4.786653E-02 4.881885E+00
   225     13     51 4.417609E-01 3.756071E-02 8.179856E+00
   226     25     27 3.532299E-01 4.890170E-02 6.492668E+00
   227      5     29 7.201142E-01 2.791122E-02 7.220024E+00
   228     12     14 9.286236E-01 4.009190E-02 8.649698E+00
   229     15     25 8.283440E-01 6.367608E-02 9.685573E+00
   230     16     76 5.949755E-01 4.880800E-02 4.270386E+00
   231     73     85 3.947306E-01 3.975317E-02 2.710168E+00
   232      5     33 5.837483E-01 4.114790E-02 6.285511E+00
   233     25     68 4.368333E-01 3.338947E-02 5.555536E+00
   234      2      5 9.124519E-01 4.086500E-02 9.518351E+00
   235      9     77 3.902084E-01 5.127319E-02 6.309539E+00
   236     52     62 3.949181E-01 4.550719E-02 6.308525E+00
   237     51     67 4.076738E-01 4.308962E-02 5.275863E+00
   238     51     80 4.453350E-01 3.952207E-02 4.280838E+00
   239     33     73 6.038341E-01 3.334682E-02 3.120713E+00
   240     52     72 3.486273E-01 3.507068E-02 4.424957E+00
   241     24     68 6.854282E-01 4.587347E-02 5.448960E+00
   242     52     55 8.542865E-01 3.287006E-02 2.936622E+00
   243     47     90 3.505169E-01 3.848484E-02 3.709555E+00
   244     44     84 3.981576E-01 5.636594E-02 5.714642E+00
   245      2     69 4.785185E-01 3.666605E-02 5.244603E+00
   246     15     26 4.424904E-01 3.891959E-02 1.175790E+01
   247     17     31 1.104933E+00 8.203376E-02 2.876565E+00
   248     17     22 3.769767E-01 4.931074E-02 7.594606E+00
   249     33     39 9.984764E-01 5.056549E-02 3.285090E+00
   250     15     69 6.336603E-01 4.302079E-02 4.239026E+00
   251     15     43 4.635761E-01 3.019870E-02 8.392526E+00
   252     27     49 6.971368E-01 2.621276E-02 4.657359E+00
   253     22     24 1.029411E-01 7.922606E-02 9.605759E+00
   254     24     49 7.017143E-01 3.973551E-02 5.608056E+00
   255      9     71 3.823792E-01 3.912409E-02 4.885742E+00
   256     29     82 4.346249E-01 4.239439E-02 5.320282E+00
   257     65     78 4.614439E-01 3.911202E-02 2.908220E+00
   258     11     17 1.111856E+00 8.667569E-02 3.562459E+00
   259     69     82 4.658548E-01 3.787822E-02 2.642028E+00
   260     22     95 3.443113E-01 4.899806E-02 5.569259E+00
   261     20     85 3.752410E-01 4.073059E-02 7.884653E+00
   262      1     76 3.857983E-01 4.498667E-02 7.693923E+00
   263     42    100 2.102651E-01 6.642858E-02 4.868314E+00
   264     66     99 2.251230E-01 4.483453E-02 3.598905E+00
   265     79     80 1.364714E-01 5.820135E-02 3.947425E+00
   266      1      2 8.329333E-01 5.971975E-02 6.145353E+00
   267     77     86 3.174608E-01 3.766717E-02 3.004415E+00
   268     72     79 5.332518E-01 3.485395E-02 2.243938E+00
   269     15     68 3.095608E-01 2.868441E-02 9.699053E+00
   270      5     39 1.019184E+00 4.844738E-02 8.126775E+00
   271     43     89 3.656227E-01 4.974726E-02 4.347785E+00
   272     67    102 4.923794E-02 6.250000E-02 3.720353E+00
   273     51     79 4.208776E-01 6.357233E-02 3.768506E+00
   274     12     89 3.969949E-01 3.744592E-02 7.191794E+00
   275     49     68 6.376318E-01 4.073775E-02 2.941968E+00
   276     12     90 3.551531E-01 4.193899E-02 6.114399E+00
   277     71     76 4.115200E-01 5.099051E-02 3.579540E+00
   278     97    103 1.776864E-01 7.627629E-02 2.735444E+00
   279      2     73 3.535674E-01 3.681576E-02 8.191231E+00
   280      1     71 4.240146E-01 6.513955E-02 6.343190E+00
   281     72     78 1.888456E-01 8.780100E-02 3.997513E+00
   282     31     78 5.112385E-01 4.589219E-02 3.792682E+00
   283      2     82 4.592750E-01 4.359745E-02 5.063611E+00
   284     78     79 2.196067E-01 5.438542E-02 3.686938E+00
   285     15     55 4.589579E-01 5.903940E-02 6.153956E+00
   286     51     86 3.484100E-01 4.736559E-02 4.839149E+00
   287     27     89 3.249387E-01 6.969736E-02 5.850676E+00
   288     27     90 3.521250E-01 5.077753E-02 5.402103E+00
   289     12     84 3.018328E-01 8.383735E-02 9.245687E+00
   290      0     39 1.169749E+00 2.829430E-02 3.010000E-01
   291      0     33 5.210931E-01 2.888703E-02 2.240730E+00
   292      0     20 9.001991E-02 2.894137E-02 6.145409E+00
   293      0      1 1.829145E+00 2.365506E-02 3.010000E-01
   294      0     76 2.369397E-01 3.051110E-02 1.662641E+00
   295      0    103 2.545757E-01 3.115807E-02 3.010000E-01
   296      0     73 5.459842E-01 3.041824E-02 1.207274E+00
   297      0      9 3.822045E-01 1.061630E-02 4.732680E+00
   298      0     71 6.912955E-01 1.775221E-02 3.010000E-01
   299      0      5 1.545032E+00 2.172482E-02 7.026694E-01
   300      0      2 1.615191E+00 1.966860E-02 3.010000E-01
   301      0     82 5.854539E-01 2.309679E-02 3.728725E-01
   302      0     62 4.185266E-01 3.062317E-02 3.732511E+00
   303      0    100 3.115366E-01 3.323804E-02 3.010000E-01
   304      0     86 5.764036E-01 2.450156E-02 3.010000E-01
   305      0     29 4.035393E-01 2.643571E-02 4.390385E+00
   306      0     55 8.045327E-01 1.730676E-02 1.928686E+00
   307      0     51 1.031182E+00 2.176708E-02 3.010000E-01
   308      0     15 1.428828E+00 1.330172E-02 3.010000E-01
   309      0    102 2.530478E-01 3.480064E-02 3.010000E-01
   310      0     14 1.434886E+00 3.153948E-02 3.161305E-01
   311      0     99 3.567247E-01 3.767839E-02 3.010000E-01
   312      0     79 6.576620E-01 2.922427E-02 3.010000E-01
   313      0     11 1.455370E+00 4.319128E-02 3.010000E-01
   314      0     78 6.700862E-01 2.533948E-02 3.010000E-01
   315      0     12 8.382330E-01 1.917671E-02 4.863249E+00
   316      0     31 1.230046E+00 2.491789E-02 3.010000E-01
   317      0     17 1.414726E+00 3.016047E-02 3.010000E-01
   318      0     89 5.147863E-01 1.380234E-02 3.010000E-01
   319      0     68 4.561713E-01 1.985613E-02 1.689886E+00
   320      0     27 7.555689E-01 1.371000E-02 2.611246E+00
   321      0     49 1.027143E+00 3.452298E-02 5.577816E-01
   322      0     24 1.244831E+00 2.789063E-02 4.071237E+00
   323      0     90 4.003927E-01 2.330150E-02 1.054219E+00
   324      0     84 5.814501E-01 3.566290E-02 3.010000E-01
   325      0     95 4.868914E-01 3.023766E-02 3.010000E-01
   326      0    104 2.460000E-01 2.966471E-02 3.010000E-01
   327      5    100 2.200176E-01 5.347397E-02 5.342653E+00
   328     14     99 1.388826E-01 7.422320E-02 4.845421E+00
   329     90    104 1.393126E-01 5.155922E-02 3.072360E+00
   330     18     47 1.797107E-01 7.900000E-02 9.959767E+00
   331     46     56 3.262040E-01 3.853244E-02 7.657109E+00
   332      2     55 4.936241E-01 7.442031E-02 7.774934E+00
   333     15     78 2.102697E-01 7.925938E-02 8.575407E+00
   334     18     98 4.910931E-02 3.125000E-02 7.449050E+00
   335     65     80 1.783491E-01 6.580258E-02 4.506569E+00
   336     21     93 2.857630E-01 5.158305E-02 4.590280E+00
   337     62     86 4.926129E-02 3.125000E-02 5.544041E+00
   338     17     24 2.521031E-01 6.495977E-02 1.117016E+01
   339     40     57 1.463093E-01 6.786577E-02 7.273993E+00
   340     87     92 1.230541E-01 5.053957E-02 4.090676E+00
   341     51    102 4.979810E-02 3.125000E-02 4.807367E+00
   342     37    101 9.019021E-02 6.801157E-02 5.102200E+00
   343     53     73 4.972611E-02 3.125000E-02 7.588302E+00
   344     30     45 1.815480E-01 5.386182E-02 7.597337E+00
   345      9     86 1.367868E-01 7.795836E-02 8.495037E+00
   346      2     15 1.371063E-01 7.823218E-02 8.369508E+00
   347     13     67 4.975736E-02 3.125000E-02 8.483706E+00
   348     11     51 4.928019E-02 6.250000E-02 6.325781E+00
