   100 1.000000E+01 3.000000E+01 3.000000E+01
     1 9.950000E+00 1.744747E+01 4.117539E+00   6    38     0    72    74     2    20     0     1    74    36    75    76    72    73
     2 9.950000E+00 1.315000E+01 8.376611E+00  11     0    70     1    54    71    79    38    73     5    15    50     0     1    37    82    72    81    83    85    79    84    77    78    80
     3 2.973983E+00 2.283942E+01 1.315372E+01  13    -1    35    51    53    28    61    62    47    30    78    22    49    66     1     0     1    89    92    93    87    94    95    90    88    97    86    91    96
     4 1.567684E+00 4.740984E+00 2.322983E+01   7    -1    26    60    87    88    11     7     1     0     2   100   101   102   103    99    98
     5 9.329558E+00 4.060722E+00 6.785110E+00  10     0    96    36    37     2    29    55    31    40     6     0     1    38   111   107   108    77   105   110   106   109   104
     6 2.349799E+00 8.482687E+00 8.080806E+00   9    -1    52    10    55    29    56     5    50    59     1     0     3   115   112   116   113   117   104   114   118
     7 1.905005E+00 1.355763E+00 1.814110E+01   8    -1    26    10    11    65     4    40    14     1     0     4   122   119   120   124    98   123   121
     8 5.557562E+00 2.541659E+01 4.950316E+00   9    16     0    61    33    28    72    83    93    77     0     1   125    39   128   127   126   129   131   132   130
     9 5.000000E-02 1.503889E+01 1.945379E+00   6    -1    48    44    52    50    20     1     0     5   135   134   137   136   133
    10 1.163367E+00 5.845579E+00 1.101595E+01   7    -1    26    29    40     6    37     7     1     0     6   138   139   141   112   140   119
    11 5.179094E+00 4.558390E+00 2.435436E+01  12     7     0    88    46    90    82    21     4    14    41    84    42     0     1   120    40   149   146   150   147   143    99   142   144   148   145
    12 5.824469E+00 1.865654E+01 2.864474E+01  11    17     0    18    25    27    43    45    21    39    23    67     0     1   151    41   152   155   156   158   159   153   157   154   160
    13 9.950000E+00 2.786276E+01 2.193382E+01   4     0    18    49    19     0     1    42   161   163   162
    14 9.899000E+00 4.299000E+00 1.720100E+01   7    29     0    26    65    95    11     7     0     1   165    43   164   166   167   142   121
    15 9.950000E+00 1.340992E+01 1.617064E+01  11    25     0    26    70    54     2    56    75    41    24    67     0     1   169    44   170   175   172    78   173   176   171   168   174
    16 4.971879E+00 2.511244E+01 1.257943E+00   7     8    74    44    58    28    93    20     0     0   125   181   179   180   178   182   177
    17 5.000000E-02 1.975343E+01 2.249900E+01   9    -1    53    63    12    21    30    39    92    24     1     0     7   187   188   151   183   185   186   189   184
    18 9.950000E+00 2.502358E+01 2.408472E+01   7    12     0    13    23    19    63    75     0     1   152    45   161   191   190   192   193
    19 6.137105E+00 2.656082E+01 2.265491E+01  10    69    35    53    18    91    13    39    23    49    85     0     0   199   195   198   190   201   162   196   194   197   200
    20 5.199000E+00 1.726132E+01 2.264123E+00   7    16     0     9     1    38    50    81     0     1   177    46   133    73   202   203   204
    21 1.220948E+00 1.434080E+01 2.652495E+01  10    -1    17    25    27    88    11    46    12    32    94     1     0     8   183   205   206   209   143   208   153   207   210
    22 5.000000E-02 1.834283E+01 8.977560E+00   5    -1     3    47    48    28     1     0     9    86   212   213   211
    23 5.263580E+00 2.643484E+01 2.876354E+01   7    12    39    18    43    19    57    89     0     0   154   214   191   215   194   216   217
    24 5.721239E+00 1.665955E+01 1.903004E+01   9    17    25    51    63    47    30    56    32    15     0     0   184   218   222   224   221   219   223   220   168
    25 5.887566E+00 1.197671E+01 2.307148E+01   8    24    67    27    12    21    41    32    15     0     0   218   228   225   155   205   227   226   169
    26 1.689788E+00 7.571613E+00 1.818146E+01  10    -1    41    10    29    56     4    14    32    15     7     1     0    10   231   138   229   232   100   164   230   170   122
    27 8.224998E+00 1.147098E+01 2.887889E+01   8    25     0    45    46    90    12    21    84     0     1   225    47   233   234   236   156   206   235
    28 4.299000E+00 2.192697E+01 6.422010E+00   9    -1     8    16    44    61     3    38    22    66     1     0    11   126   178   238   239    87   237   211   240
    29 5.625819E+00 6.558904E+00 1.216059E+01   9     0    26    79    10    56    40     5    14     6     0     1    48   229   243   139   242   241   105   165   113
    30 1.477025E-01 1.812568E+01 1.895325E+01   6    -1     3    17    47    32    24     1     0    12    88   185   245   244   219
    31 7.936118E+00 5.986433E+00 1.063063E+00   8    34     0    52    36    81    55    73     5     0     1   246    49   248   247   251   249   250   106
    32 2.159306E+00 1.103573E+01 1.799900E+01   8    -1    25    26    21    30    56    24    59     1     0    13   226   230   207   244   252   220   253
    33 1.350377E+00 2.888420E+01 4.835865E+00   5    -1     8    66    58    80     1     0    14   127   255   254   256
    34 1.661657E+00 2.749942E+00 2.765305E+00   5    -1    31    97    37    55     1     0    15   246   259   257   258
    35 6.516560E-01 2.894198E+01 1.605191E+01   6    -1     3    69    62    19    64     1     0    16    89   262   260   195   261
    36 9.950000E+00 3.433147E+00 1.071576E+00   4     0    31     5    97     0     1    50   247   107   263
    37 3.882252E+00 9.990000E-01 6.084499E+00   6    -1    34     5    40    10    55     1     0    17   257   108   264   140   265
    38 7.151552E+00 1.924662E+01 6.753841E+00   6    48    61     1    28     2    20     0     0   266   267    74   237    79   202
    39 3.121320E+00 2.400805E+01 2.666680E+01   8    -1    17    43    19    12    57    23    85     1     0    18   186   268   196   157   269   214   270
    40 3.516665E+00 9.554924E-01 1.045848E+01   7    29    65     5    96    10    37     7     0     0   241   271   109   272   141   264   123
    41 6.034178E+00 8.599000E+00 2.079900E+01   5    25    26    90    11    15     0     0   227   231   273   144   171
    42 4.520089E+00 9.453897E-01 2.862484E+01   5    60    82    86    11    46     0     0   275   276   277   145   274
    43 3.727547E+00 2.169552E+01 2.910685E+01   4    12    39    23    94     0     0   158   268   215   278
    44 5.000000E-02 2.123301E+01 1.462148E+00   5    -1    16     9    58    28     1     0    19   179   134   279   238
    45 9.885993E+00 1.476628E+01 2.750100E+01   4    12     0    27    67     0     1   159    51   233   280
    46 5.809596E+00 6.278861E+00 2.912407E+01   6    21    87    27    84    11    42     0     0   208   282   234   281   146   274
    47 3.424334E+00 1.756714E+01 1.367513E+01   9    -1    51    71     3    30    56    22    24    59     1     0    20   283   286    90   245   284   212   221   285
    48 5.000000E-02 1.542742E+01 6.520308E+00   6    -1    38    22     9    71    50     1     0    21   266   213   135   288   287
    49 9.845342E+00 2.553113E+01 1.605588E+01  10    69     0    78    19    64     3    99    13    83    76     0     1   290    52   292   197   289    91   294   163   293   291
    50 4.264859E+00 1.133643E+01 6.399000E+00   9    52     9    71     2    20    81    56    48     6     0     0   295   136   297    80   203   298   296   287   114
    51 6.350000E+00 1.896405E+01 1.368468E+01   6     3    47    61    54    24    68     0     0    92   283   300   299   222   301
    52 1.540705E+00 1.003748E+01 1.216999E+00   7    -1    81     9    31     6    50    55     1     0    22   303   137   248   115   295   302
    53 2.484455E+00 2.367550E+01 1.851473E+01   6     3    17    78    92    19    63     0     0    93   187   305   306   198   304
    54 8.650111E+00 1.847189E+01 1.329900E+01   4    51     0    15     2     0     1   299    53   172    81
    55 3.601000E+00 4.999000E+00 4.547527E+00   6    34    52    31     5     6    37     0     0   258   302   249   110   116   265
    56 5.945552E+00 1.114483E+01 1.459900E+01  11    24    26    50    59    70    71    29    47    32     6    15     0     0   223   232   296   307   308   309   242   284   252   117   173
    57 5.000000E-02 2.909900E+01 2.924567E+01   3    -1    23    39     1     0    23   216   269
    58 3.490382E-01 2.734471E+01 7.425614E-01   4    -1    16    44    33     1     0    24   180   279   254
    59 5.000000E-02 1.226233E+01 1.343303E+01   5    -1    47    56     6    32     1     0    25   285   307   118   253
    60 1.210426E-01 1.440958E+00 2.626306E+01   4    -1     4    86    42     1     0    26   101   310   275
    61 6.453948E+00 2.279900E+01 1.003645E+01   7     3     0     8    38    28    51    83     0     1    94    54   128   267   239   300   311
    62 2.758205E+00 2.691126E+01 1.263077E+01   6    -1     3    35    77    80    64     1     0    27    95   260   313   314   312
    63 7.273562E+00 2.031964E+01 1.914982E+01   8    17    78    18    53    75    76    24    68     0     0   188   318   192   304   316   317   224   315
    64 6.478285E+00 2.941881E+01 1.519832E+01   5    69    35    49    62    99     0     0   319   261   289   312   320
    65 6.470960E+00 8.449296E-01 1.462916E+01   4    95    40    14     7     0     0   321   271   166   124
    66 5.000000E-02 2.543297E+01 7.368931E+00   4    -1     3    28    33     1     0    28    96   240   255
    67 8.913723E+00 1.592966E+01 2.504038E+01   5    12     0    25    45    15     0     1   160    55   228   280   174
    68 7.784922E+00 2.131058E+01 1.710100E+01   4    51    78    63    76     0     0   301   323   315   322
    69 5.850044E+00 2.944901E+01 1.769900E+01   4    35    49    19    64     0     0   262   290   199   319
    70 8.263207E+00 1.141801E+01 1.288288E+01   4    56    79     2    15     0     0   308   324    82   175
    71 5.393158E+00 1.385000E+01 9.849787E+00   5    47    48    56     2    50     0     0   286   288   309    83   297
    72 9.950000E+00 2.355000E+01 3.929599E+00   4     8     0    74     1     0     1   129    56   325    75
    73 8.930637E+00 8.853970E+00 1.772972E+00   4     0    31     2    81     0     1    57   250    84   326
    74 8.826705E+00 2.354377E+01 5.453278E-01   4    16     0     1    72     0     1   181    58    76   325
    75 9.950000E+00 2.036982E+01 2.028394E+01   5     0    18    63    15    76     0     1    59   193   316   176   327
    76 9.950000E+00 2.186582E+01 1.692067E+01   6    78     0    75    49    63    68     0     1   328    60   327   291   317   322
    77 4.622391E+00 2.877921E+01 1.015036E+01   3     8    62    80     0     0   130   313   329
    78 6.535548E+00 2.305729E+01 1.675253E+01   6     3    53    49    63    76    68     0     0    97   305   292   318   328   323
    79 9.661338E+00 9.617635E+00 1.155035E+01   4     0    70     2    29     0     1    61   324    85   243
    80 2.485183E+00 2.886309E+01 9.526933E+00   3    62    77    33     0     0   314   329   256
    81 7.049900E+00 1.076284E+01 1.369537E+00   5    52    73    31    50    20     0     0   303   326   251   298   204
    82 9.950000E+00 4.570444E-01 2.953932E+01   3    42     0    11     0     1   276    62   147
    83 9.950000E+00 2.513265E+01 1.128551E+01   4     8     0    61    49     0     1   131    63   311   293
    84 9.223921E+00 6.499000E+00 2.769900E+01   5   100     0    27    11    46     0     1   330    64   235   148   281
    85 1.029172E+00 2.576751E+01 2.334996E+01   5    -1    39    91    92    19     1     0    29   270   331   332   200
    86 1.101367E-01 1.970694E+00 2.962260E+01   3    -1    60    42     1     0    30   310   277
    87 5.000000E-02 6.864217E+00 2.955876E+01   3    -1     4    46     1     0    31   102   282
    88 5.000000E-02 9.283829E+00 2.513489E+01   4    -1     4    21    11     1     0    32   103   209   149
    89 9.889175E+00 2.915333E+01 2.935644E+01   2    23     0     0     1   217    65
    90 9.950000E+00 9.132752E+00 2.395000E+01   4     0    27    41    11     0     1    66   236   273   150
    91 5.000000E-02 2.963424E+01 2.336631E+01   3    -1    19    85     1     0    33   201   331
    92 5.000000E-02 2.425000E+01 2.136293E+01   4    -1    17    53    85     1     0    34   189   306   332
    93 7.243983E+00 2.937206E+01 3.241449E-01   3     8    16    98     0     0   132   182   333
    94 1.947854E-01 2.052754E+01 2.983368E+01   3    -1    21    43     1     0    35   210   278
    95 9.889427E+00 1.663061E-01 1.482190E+01   3    14     0    65     0     1   167    67   321
    96 9.897460E+00 1.594944E-01 1.034986E+01   3    40     0     5     0     1   272    68   111
    97 5.401000E+00 1.335796E-01 1.335565E-01   2    34    36     0     0   259   263
    98 9.950000E+00 2.944156E+01 1.468068E-01   2    93     0     0     1   333    69
    99 9.950000E+00 2.985303E+01 1.404323E+01   3    49     0    64     0     1   294    70   320
   100 9.950000E+00 4.599000E+00 2.995000E+01   2    84     0     0     1   330    71
